255 -35
210 100
345 90
295 -30
60 235
-25 175
65 350
305 395
5 355
-45 390
-50 435
-185 285
-285 360
-145 225
-190 45
-320 -105
-290 -65
-140 -215
-380 -165
-235 -305
0 -85
65 -155
-40 -140
85 -235
155 -350
170 -110
145 -90
200 105
60 60
200 -60
105 -115
155 15
160 -140
205 -75
150 130
205 155
55 115
105 150
145 505
290 370
290 420
425 270
275 160
335 125
400 45
345 -90
390 -130
450 -5
390 -135
595 -65
490 -135
775 0
495 -350
525 -280
490 -230
530 -150
590 -350
725 -280
595 -220
720 -140
715 -130
780 -5
770 -180
830 -50
770 -190
1015 -130
875 -185
1015 -60
965 -230
1070 -95
1015 -275
1065 -225
1115 -270
1210 -150
1210 -350
1195 -280
1075 50
1160 -15
1350 -90
1440 -170
1205 45
1260 -5
1390 10
1455 -55
1380 200
1460 140
1405 340
1490 260
1205 -360
1540 -270
1265 -270
1540 -140
1540 -355
1555 20
1545 65
1565 510
70 -360
-410 -380
160 -355
1535 -375
-450 -350
-410 60
-415 105
-445 515
-415 515
15 555
50 510
825 545
1300 510
1530 545
830 -270
960 -345
935 -235
860 -345
370 -235
260 -345
1270 310
1360 445
1305 405
1535 500